32P
Cross Section 32, Proposed
32P.FLD

 DIST    B Horz   B Vert   B PROD    B MAX   E Horz   E Vert   E PROD    E MAX
 (Ft)     (mG)     (mG)     (mG)      (mG)   (kV/m)   (kV/m)   (kV/m)   (V/m)
 ----    ------   ------   ------    -----   ------   ------   ------   ------
%-1275.00
           0.177    1.650    1.660    1.660    0.000    0.002    0.002    0.002
%-1270.00
           0.178    1.665    1.674    1.674    0.000    0.002    0.002    0.002
%-1265.00
           0.180    1.679    1.689    1.689    0.000    0.002    0.002    0.002
%-1260.00
           0.182    1.694    1.704    1.704    0.000    0.002    0.002    0.002
%-1255.00
           0.183    1.710    1.719    1.719    0.000    0.002    0.002    0.002
%-1250.00
           0.185    1.725    1.735    1.735    0.000    0.002    0.002    0.002
%-1245.00
           0.187    1.740    1.750    1.750    0.000    0.003    0.003    0.003
%-1240.00
           0.188    1.756    1.766    1.766    0.000    0.003    0.003    0.003
%-1235.00
           0.190    1.772    1.782    1.782    0.000    0.003    0.003    0.003
%-1230.00
           0.192    1.788    1.799    1.799    0.000    0.003    0.003    0.003
%-1225.00
           0.194    1.805    1.815    1.815    0.000    0.003    0.003    0.003
%-1220.00
           0.196    1.821    1.832    1.832    0.000    0.003    0.003    0.003
%-1215.00
           0.198    1.838    1.849    1.849    0.000    0.003    0.003    0.003
%-1210.00
           0.200    1.855    1.866    1.866    0.000    0.003    0.003    0.003
%-1205.00
           0.202    1.873    1.884    1.884    0.000    0.003    0.003    0.003
%-1200.00
           0.204    1.890    1.901    1.901    0.000    0.003    0.003    0.003
%-1195.00
           0.206    1.908    1.919    1.919    0.000    0.003    0.003    0.003
%-1190.00
           0.208    1.926    1.937    1.937    0.000    0.003    0.003    0.003
%-1185.00
           0.210    1.945    1.956    1.956    0.000    0.003    0.003    0.003
%-1180.00
           0.212    1.963    1.975    1.975    0.000    0.003    0.003    0.003
%-1175.00
           0.214    1.982    1.994    1.994    0.000    0.003    0.003    0.003
%-1170.00
           0.216    2.001    2.013    2.013    0.000    0.003    0.003    0.003
%-1165.00
           0.219    2.021    2.033    2.033    0.000    0.003    0.003    0.003
%-1160.00
           0.221    2.041    2.052    2.052    0.000    0.003    0.003    0.003
%-1155.00
           0.223    2.061    2.073    2.073    0.000    0.003    0.003    0.003
%-1150.00
           0.225    2.081    2.093    2.093    0.000    0.003    0.003    0.003
%-1145.00
           0.228    2.102    2.114    2.114    0.000    0.003    0.003    0.003
%-1140.00
           0.230    2.123    2.135    2.135    0.000    0.003    0.003    0.003
%-1135.00
           0.233    2.144    2.156    2.156    0.000    0.003    0.003    0.003
%-1130.00
           0.235    2.165    2.178    2.178    0.000    0.003    0.003    0.003
%-1125.00
           0.238    2.187    2.200    2.200    0.000    0.003    0.003    0.003
%-1120.00
           0.240    2.210    2.223    2.223    0.000    0.003    0.003    0.003
%-1115.00
           0.243    2.232    2.245    2.245    0.000    0.003    0.003    0.003
%-1110.00
           0.246    2.255    2.269    2.269    0.000    0.003    0.003    0.003
%-1105.00
           0.248    2.279    2.292    2.292    0.000    0.003    0.003    0.003
%-1100.00
           0.251    2.302    2.316    2.316    0.000    0.003    0.003    0.003
%-1095.00
           0.254    2.326    2.340    2.340    0.000    0.003    0.003    0.003
%-1090.00
           0.257    2.351    2.365    2.365    0.000    0.003    0.003    0.003
%-1085.00
           0.260    2.376    2.390    2.390    0.000    0.003    0.003    0.003
%-1080.00
           0.263    2.401    2.415    2.415    0.000    0.003    0.003    0.003
%-1075.00
           0.266    2.426    2.441    2.441    0.000    0.003    0.003    0.003
%-1070.00
           0.269    2.452    2.467    2.467    0.000    0.004    0.004    0.004
%-1065.00
           0.272    2.479    2.494    2.494    0.000    0.004    0.004    0.004
%-1060.00
           0.275    2.506    2.521    2.521    0.000    0.004    0.004    0.004
%-1055.00
           0.278    2.533    2.548    2.548    0.000    0.004    0.004    0.004
%-1050.00
           0.281    2.561    2.576    2.576    0.000    0.004    0.004    0.004
%-1045.00
           0.285    2.589    2.605    2.605    0.000    0.004    0.004    0.004
%-1040.00
           0.288    2.618    2.634    2.634    0.000    0.004    0.004    0.004
%-1035.00
           0.292    2.647    2.663    2.663    0.000    0.004    0.004    0.004
%-1030.00
           0.295    2.677    2.693    2.693    0.000    0.004    0.004    0.004
%-1025.00
           0.299    2.707    2.724    2.724    0.000    0.004    0.004    0.004
%-1020.00
           0.302    2.738    2.755    2.755    0.000    0.004    0.004    0.004
%-1015.00
           0.306    2.769    2.786    2.786    0.000    0.004    0.004    0.004
%-1010.00
           0.310    2.801    2.818    2.818    0.000    0.004    0.004    0.004
%-1005.00
           0.314    2.834    2.851    2.851    0.000    0.004    0.004    0.004
%-1000.00
           0.318    2.867    2.884    2.884    0.000    0.004    0.004    0.004
-995.00    0.322    2.900    2.918    2.918    0.000    0.004    0.004    0.004
-990.00    0.326    2.934    2.952    2.952    0.000    0.004    0.004    0.004
-985.00    0.330    2.969    2.987    2.987    0.000    0.004    0.004    0.004
-980.00    0.334    3.004    3.023    3.023    0.000    0.004    0.004    0.004
-975.00    0.339    3.041    3.059    3.059    0.000    0.004    0.004    0.004
-970.00    0.343    3.077    3.096    3.096    0.000    0.004    0.004    0.004
-965.00    0.348    3.115    3.134    3.134    0.000    0.005    0.005    0.005
-960.00    0.352    3.153    3.172    3.172    0.000    0.005    0.005    0.005
-955.00    0.357    3.191    3.211    3.211    0.000    0.005    0.005    0.005
-950.00    0.362    3.231    3.251    3.251    0.000    0.005    0.005    0.005
-945.00    0.367    3.271    3.292    3.292    0.000    0.005    0.005    0.005
-940.00    0.372    3.312    3.333    3.333    0.000    0.005    0.005    0.005
-935.00    0.377    3.354    3.375    3.375    0.000    0.005    0.005    0.005
-930.00    0.382    3.397    3.418    3.418    0.000    0.005    0.005    0.005
-925.00    0.388    3.440    3.462    3.462    0.000    0.005    0.005    0.005
-920.00    0.393    3.484    3.506    3.506    0.000    0.005    0.005    0.005
-915.00    0.399    3.529    3.552    3.552    0.000    0.005    0.005    0.005
-910.00    0.404    3.575    3.598    3.598    0.000    0.005    0.005    0.005
-905.00    0.410    3.622    3.646    3.646    0.000    0.005    0.005    0.005
-900.00    0.416    3.670    3.694    3.694    0.000    0.005    0.005    0.005
-895.00    0.422    3.719    3.743    3.743    0.000    0.005    0.005    0.005
-890.00    0.429    3.769    3.793    3.793    0.000    0.006    0.006    0.006
-885.00    0.435    3.820    3.845    3.845    0.000    0.006    0.006    0.006
-880.00    0.442    3.872    3.897    3.897    0.000    0.006    0.006    0.006
-875.00    0.448    3.925    3.950    3.950    0.000    0.006    0.006    0.006
-870.00    0.455    3.979    4.005    4.005    0.000    0.006    0.006    0.006
-865.00    0.462    4.034    4.061    4.061    0.000    0.006    0.006    0.006
-860.00    0.469    4.091    4.118    4.118    0.000    0.006    0.006    0.006
-855.00    0.477    4.148    4.176    4.176    0.000    0.006    0.006    0.006
-850.00    0.484    4.207    4.235    4.235    0.000    0.006    0.006    0.006
-845.00    0.492    4.267    4.296    4.296    0.000    0.006    0.006    0.006
-840.00    0.500    4.329    4.358    4.358    0.000    0.006    0.006    0.006
-835.00    0.508    4.392    4.421    4.421    0.000    0.006    0.006    0.006
-830.00    0.517    4.456    4.486    4.486    0.000    0.007    0.007    0.007
-825.00    0.525    4.522    4.552    4.552    0.000    0.007    0.007    0.007
-820.00    0.534    4.589    4.620    4.620    0.000    0.007    0.007    0.007
-815.00    0.543    4.657    4.689    4.689    0.000    0.007    0.007    0.007
-810.00    0.552    4.728    4.760    4.760    0.000    0.007    0.007    0.007
-805.00    0.562    4.800    4.832    4.832    0.000    0.007    0.007    0.007
-800.00    0.571    4.873    4.907    4.907    0.000    0.007    0.007    0.007
-795.00    0.581    4.948    4.983    4.983    0.000    0.007    0.007    0.007
-790.00    0.592    5.026    5.060    5.060    0.000    0.007    0.007    0.007
-785.00    0.602    5.104    5.140    5.140    0.000    0.008    0.008    0.008
-780.00    0.613    5.185    5.221    5.221    0.000    0.008    0.008    0.008
-775.00    0.624    5.268    5.305    5.305    0.000    0.008    0.008    0.008
-770.00    0.636    5.353    5.391    5.391    0.000    0.008    0.008    0.008
-765.00    0.648    5.440    5.478    5.478    0.000    0.008    0.008    0.008
-760.00    0.660    5.529    5.568    5.568    0.000    0.008    0.008    0.008
-755.00    0.672    5.620    5.660    5.660    0.000    0.008    0.008    0.008
-750.00    0.685    5.714    5.755    5.755    0.000    0.009    0.009    0.009
-745.00    0.698    5.810    5.852    5.852    0.000    0.009    0.009    0.009
-740.00    0.712    5.908    5.951    5.951    0.000    0.009    0.009    0.009
-735.00    0.726    6.010    6.053    6.053    0.000    0.009    0.009    0.009
-730.00    0.741    6.113    6.158    6.158    0.000    0.009    0.009    0.009
-725.00    0.756    6.220    6.266    6.266    0.000    0.009    0.009    0.009
-720.00    0.771    6.329    6.376    6.376    0.000    0.010    0.010    0.010
-715.00    0.787    6.441    6.489    6.489    0.000    0.010    0.010    0.010
-710.00    0.804    6.557    6.606    6.606    0.000    0.010    0.010    0.010
-705.00    0.821    6.675    6.726    6.726    0.000    0.010    0.010    0.010
-700.00    0.838    6.797    6.849    6.849    0.000    0.010    0.010    0.010
-695.00    0.856    6.923    6.975    6.975    0.000    0.011    0.011    0.011
-690.00    0.875    7.052    7.106    7.106    0.000    0.011    0.011    0.011
-685.00    0.895    7.184    7.240    7.240    0.000    0.011    0.011    0.011
-680.00    0.915    7.321    7.378    7.378    0.000    0.011    0.011    0.011
-675.00    0.936    7.461    7.520    7.520    0.000    0.012    0.012    0.012
-670.00    0.957    7.606    7.666    7.666    0.000    0.012    0.012    0.012
-665.00    0.980    7.755    7.816    7.816    0.000    0.012    0.012    0.012
-660.00    1.003    7.908    7.971    7.971    0.000    0.012    0.012    0.012
-655.00    1.027    8.066    8.131    8.131    0.000    0.013    0.013    0.013
-650.00    1.052    8.229    8.296    8.296    0.000    0.013    0.013    0.013
-645.00    1.078    8.397    8.466    8.466    0.000    0.013    0.013    0.013
-640.00    1.104    8.571    8.642    8.642    0.000    0.014    0.014    0.014
-635.00    1.132    8.750    8.823    8.823    0.000    0.014    0.014    0.014
-630.00    1.161    8.935    9.010    9.010    0.000    0.014    0.014    0.014
-625.00    1.192    9.126    9.203    9.203    0.000    0.015    0.015    0.015
-620.00    1.223    9.323    9.403    9.403    0.000    0.015    0.015    0.015
-615.00    1.256    9.527    9.609    9.609    0.000    0.015    0.015    0.015
-610.00    1.290    9.737    9.822    9.822    0.000    0.016    0.016    0.016
-605.00    1.325    9.955   10.043   10.043    0.000    0.016    0.016    0.016
-600.00    1.362   10.181   10.272   10.272    0.000    0.017    0.017    0.017
-595.00    1.401   10.415   10.508   10.508    0.000    0.017    0.017    0.017
-590.00    1.441   10.656   10.753   10.753    0.000    0.017    0.017    0.017
-585.00    1.484   10.907   11.007   11.007    0.000    0.018    0.018    0.018
-580.00    1.528   11.167   11.271   11.271    0.000    0.018    0.018    0.018
-575.00    1.574   11.436   11.544   11.544    0.000    0.019    0.019    0.019
-570.00    1.623   11.716   11.828   11.828    0.000    0.020    0.020    0.020
-565.00    1.673   12.006   12.122   12.122    0.000    0.020    0.020    0.020
-560.00    1.726   12.307   12.428   12.428    0.000    0.021    0.021    0.021
-555.00    1.782   12.621   12.746   12.746    0.000    0.021    0.021    0.021
-550.00    1.841   12.946   13.077   13.077    0.000    0.022    0.022    0.022
-545.00    1.903   13.285   13.421   13.421    0.000    0.023    0.023    0.023
-540.00    1.968   13.638   13.779   13.779    0.000    0.023    0.023    0.023
-535.00    2.036   14.005   14.153   14.153    0.000    0.024    0.024    0.024
-530.00    2.108   14.388   14.542   14.542    0.001    0.025    0.025    0.025
-525.00    2.184   14.788   14.948   14.948    0.001    0.026    0.026    0.026
-520.00    2.265   15.205   15.372   15.372    0.001    0.027    0.027    0.027
-515.00    2.350   15.640   15.815   15.815    0.001    0.028    0.028    0.028
-510.00    2.439   16.095   16.278   16.278    0.001    0.029    0.029    0.029
-505.00    2.535   16.570   16.763   16.763    0.001    0.030    0.030    0.030
-500.00    2.636   17.068   17.270   17.270    0.001    0.031    0.031    0.031
-495.00    2.743   17.589   17.802   17.802    0.001    0.032    0.032    0.032
-490.00    2.857   18.136   18.359   18.359    0.001    0.034    0.034    0.034
-485.00    2.979   18.709   18.944   18.944    0.001    0.035    0.035    0.035
-480.00    3.108   19.311   19.559   19.559    0.001    0.037    0.037    0.037
-475.00    3.247   19.943   20.206   20.206    0.001    0.038    0.038    0.038
-470.00    3.394   20.608   20.886   20.886    0.001    0.040    0.040    0.040
-465.00    3.552   21.309   21.603   21.603    0.001    0.042    0.042    0.042
-460.00    3.722   22.047   22.359   22.359    0.001    0.044    0.044    0.044
-455.00    3.904   22.825   23.157   23.157    0.001    0.046    0.046    0.046
-450.00    4.100   23.647   24.000   24.000    0.001    0.048    0.048    0.048
-445.00    4.311   24.517   24.893   24.893    0.002    0.050    0.050    0.050
-440.00    4.539   25.437   25.839   25.839    0.002    0.053    0.053    0.053
-435.00    4.785   26.412   26.842   26.842    0.002    0.056    0.056    0.056
-430.00    5.052   27.447   27.908   27.908    0.002    0.059    0.059    0.059
-425.00    5.342   28.547   29.042   29.042    0.002    0.062    0.062    0.062
-420.00    5.657   29.717   30.251   30.250    0.002    0.066    0.066    0.066
-415.00    6.001   30.964   31.540   31.540    0.002    0.070    0.070    0.070
-410.00    6.377   32.294   32.918   32.917    0.003    0.074    0.074    0.074
-405.00    6.789   33.716   34.393   34.393    0.003    0.079    0.079    0.079
-400.00    7.242   35.239   35.975   35.975    0.003    0.084    0.084    0.084
-395.00    7.741   36.872   37.676   37.675    0.004    0.089    0.090    0.090
-390.00    8.293   38.627   39.507   39.506    0.004    0.096    0.096    0.096
-385.00    8.904   40.516   41.483   41.482    0.004    0.103    0.103    0.103
-380.00    9.584   42.554   43.620   43.619    0.005    0.111    0.111    0.111
-375.00   10.344   44.758   45.938   45.936    0.006    0.119    0.119    0.119
-370.00   11.194   47.146   48.457   48.455    0.006    0.129    0.129    0.129
-365.00   12.151   49.740   51.202   51.200    0.007    0.140    0.140    0.140
-360.00   13.233   52.564   54.204   54.201    0.008    0.153    0.153    0.153
-355.00   14.459   55.648   57.496   57.492    0.009    0.167    0.167    0.167
-350.00   15.858   59.025   61.118   61.113    0.010    0.183    0.183    0.183
-345.00   17.462   62.733   65.118   65.111    0.012    0.201    0.202    0.202
-340.00   19.310   66.818   69.552   69.544    0.014    0.223    0.223    0.223
-335.00   21.454   71.333   74.489   74.479    0.016    0.247    0.248    0.248
-330.00   23.956   76.340   80.011   79.997    0.019    0.276    0.277    0.277
-325.00   26.897   81.914   86.217   86.199    0.022    0.310    0.311    0.311
-320.00   30.380   88.142   93.230   93.207    0.026    0.350    0.351    0.351
-315.00   34.542   95.125  101.203  101.172    0.032    0.398    0.399    0.399
-310.00   39.558  102.988  110.323  110.282    0.038    0.456    0.457    0.457
-305.00   45.665  111.871  120.832  120.777    0.047    0.526    0.528    0.528
-300.00   53.181  121.942  133.034  132.959    0.058    0.612    0.615    0.615
-295.00   62.542  133.390  147.324  147.220    0.072    0.719    0.722    0.722
-290.00   74.354  146.417  164.215  164.070    0.091    0.852    0.857    0.857
-285.00   89.470  161.224  184.386  184.180    0.116    1.022    1.029    1.029
-280.00  109.109  177.954  208.741  208.444    0.150    1.240    1.249    1.249
-275.00  135.031  196.585  238.494  238.058    0.196    1.524    1.536    1.536
-270.00  169.787  216.678  275.276  274.621    0.258    1.896    1.913    1.913
-265.00  217.032  236.852  321.250  320.244    0.342    2.388    2.412    2.412
-260.00  281.764  253.714  379.159  377.574    0.448    3.038    3.071    3.071
-255.00  369.911  259.871  452.070  449.515    0.568    3.883    3.925    3.925
-250.00  485.514  241.355  542.196  537.990    0.666    4.932    4.976    4.976
-245.00  621.830  181.043  647.649  640.645    0.653    6.090    6.125    6.125
-240.00  745.270  132.107  756.888  745.286    0.413    7.064    7.076    7.076
-235.00  793.245  296.902  846.988  828.279    0.253    7.375    7.380    7.376
-230.00  724.755  529.790  897.745  868.730    0.765    6.734    6.777    6.762
-225.00  576.822  705.688  911.438  867.799    1.128    5.436    5.552    5.498
-220.00  440.042  794.683  908.381  843.515    1.266    4.234    4.420    4.266
-215.00  411.607  808.834  907.542  811.151    1.264    3.990    4.186    3.997
-210.00  508.975  762.285  916.588  774.219    1.131    4.845    4.975    4.891
-205.00  637.274  678.165  930.605  727.392    0.807    5.946    6.000    5.968
-200.00  693.966  628.785  936.461  695.444    0.513    6.427    6.447    6.427
-195.00  632.542  676.463  926.128  742.482    0.807    5.918    5.973    5.942
-190.00  496.690  758.291  906.480  778.525    1.130    4.774    4.906    4.826
-185.00  386.960  801.777  890.273  802.068    1.263    3.853    4.055    3.864
-180.00  406.097  784.029  882.958  820.907    1.265    4.047    4.240    4.078
-175.00  541.447  691.543  878.292  833.173    1.124    5.237    5.357    5.300
-170.00  689.094  514.005  859.681  825.889    0.759    6.525    6.569    6.553
-165.00  756.225  288.815  809.501  783.726    0.267    7.142    7.147    7.143
-160.00  705.691  173.142  726.621  706.661    0.455    6.789    6.804    6.802
-155.00  578.555  249.268  629.968  614.072    0.698    5.757    5.799    5.798
-150.00  437.418  317.337  540.405  527.165    0.717    4.530    4.587    4.585
-145.00  315.890  345.675  468.271  456.656    0.628    3.407    3.465    3.462
-140.00  220.948  351.656  415.307  404.627    0.520    2.487    2.541    2.535
-135.00  149.693  349.097  379.838  369.660    0.434    1.778    1.830    1.816
-130.00  100.720  345.361  359.748  349.822    0.381    1.297    1.351    1.315
-125.00   82.845  343.741  353.583  343.766    0.363    1.124    1.181    1.124
-120.00  105.238  345.160  360.846  351.021    0.381    1.327    1.380    1.347
-115.00  156.096  348.701  382.045  372.050    0.433    1.823    1.874    1.861
-110.00  228.052  351.081  418.647  408.200    0.519    2.537    2.590    2.584
-105.00  323.308  344.954  472.781  461.411    0.626    3.458    3.514    3.512
-100.00  445.015  316.561  546.122  533.089    0.715    4.579    4.635    4.634
 -95.00  586.291  248.742  636.875  621.085    0.696    5.803    5.845    5.844
 -90.00  713.587  174.195  734.541  714.497    0.454    6.833    6.848    6.846
 -85.00  764.363  291.337  818.002  791.844    0.267    7.185    7.190    7.185
 -80.00  697.643  516.730  868.168  833.575    0.759    6.568    6.612    6.596
 -75.00  550.653  694.446  886.270  839.817    1.124    5.283    5.402    5.346
 -70.00  415.733  787.145  890.186  826.136    1.264    4.094    4.285    4.125
 -65.00  394.722  805.132  896.685  805.659    1.263    3.890    4.090    3.900
 -60.00  501.343  761.888  912.040  780.302    1.131    4.796    4.927    4.846
 -55.00  635.287  680.182  930.719  742.402    0.807    5.929    5.984    5.953
 -50.00  695.542  632.104  939.859  696.169    0.511    6.432    6.452    6.432
 -45.00  637.553  680.568  932.548  732.453    0.804    5.944    5.998    5.967
 -40.00  506.770  764.054  916.839  777.552    1.128    4.830    4.960    4.877
 -35.00  404.653  810.424  905.832  812.063    1.262    3.949    4.146    3.958
 -30.00  428.502  796.360  904.325  841.611    1.264    4.168    4.356    4.199
 -25.00  563.565  707.521  904.540  862.656    1.125    5.360    5.476    5.421
 -20.00  710.807  531.564  887.585  860.005    0.760    6.651    6.694    6.679
 -15.00  778.665  297.459  833.548  816.013    0.250    7.283    7.287    7.283
 -10.00  729.957  125.590  740.682  730.043    0.423    6.957    6.970    6.969
  -5.00  605.677  171.158  629.396  623.197    0.664    5.965    6.002    6.002
   0.00  468.428  231.299  522.422  518.907    0.678    4.788    4.835    4.835
   5.00  351.812  248.963  430.993  429.048    0.580    3.720    3.765    3.765
  10.00  262.579  241.516  356.760  355.727    0.459    2.856    2.893    2.893
  15.00  196.698  223.015  297.365  296.860    0.352    2.188    2.216    2.216
  20.00  148.252  200.860  249.647  249.444    0.269    1.678    1.700    1.700
  25.00  112.269  178.416  210.800  210.752    0.206    1.289    1.306    1.306
  30.00   85.138  157.008  178.606  178.606    0.160    0.990    1.003    1.002
  35.00   64.398  137.002  151.383  151.329    0.126    0.757    0.767    0.767
  40.00   48.464  118.328  127.868  127.636    0.100    0.575    0.584    0.583
  45.00   36.468  100.723  107.122  106.527    0.080    0.434    0.442    0.441
  50.00   28.232   83.843   88.469   87.195    0.065    0.331    0.337    0.335
  55.00   24.161   67.307   71.512   68.963    0.053    0.267    0.272    0.268
  60.00   24.434   50.715   56.294   51.241    0.044    0.248    0.252    0.248
  65.00   28.082   33.670   43.844   33.721    0.039    0.271    0.274    0.272
  70.00   33.787   15.988   37.379   34.377    0.042    0.325    0.327    0.327
  75.00   40.822    7.414   41.490   41.176    0.054    0.402    0.405    0.405
  80.00   49.086   27.376   56.204   49.375    0.077    0.503    0.509    0.508
  85.00   59.009   51.847   78.550   60.376    0.114    0.641    0.651    0.648
  90.00   71.719   79.827  107.312   83.966    0.168    0.836    0.853    0.848
  95.00   89.532  111.398  142.918  118.704    0.246    1.123    1.150    1.143
 100.00  116.704  145.738  186.707  161.865    0.356    1.554    1.594    1.586
 105.00  159.924  179.687  240.548  215.420    0.503    2.190    2.247    2.238
 110.00  227.385  205.302  306.354  281.699    0.671    3.097    3.169    3.160
 115.00  324.278  207.144  384.792  361.809    0.805    4.289    4.364    4.358
 120.00  441.530  167.740  472.319  452.512    0.780    5.633    5.687    5.683
 125.00  540.459  135.835  557.267  542.015    0.459    6.728    6.743    6.742
 130.00  561.598  266.512  621.628  611.477    0.149    7.019    7.020    7.020
 135.00  480.778  445.033  655.135  649.372    0.645    6.298    6.331    6.331
 140.00  335.749  575.419  666.209  663.349    0.877    4.931    5.008    5.008
 145.00  173.626  650.313  673.092  671.736    0.879    3.419    3.530    3.529
 150.00   32.678  690.347  691.120  690.349    0.806    2.041    2.195    2.179
 155.00  186.693  704.488  728.805  728.063    0.756    1.023    1.272    1.117
 160.00  411.326  669.508  785.767  784.488    0.727    1.257    1.452    1.375
 165.00  662.840  522.093  843.764  840.989    0.593    2.268    2.345    2.336
 170.00  827.046  229.189  858.215  852.718    0.230    2.980    2.988    2.986
 175.00  772.573  181.761  793.666  785.075    0.242    2.916    2.926    2.925
 180.00  572.679  364.096  678.622  668.284    0.413    2.294    2.331    2.330
 185.00  379.747  418.886  565.397  555.795    0.380    1.599    1.643    1.643
 190.00  241.876  413.587  479.122  472.747    0.306    1.032    1.077    1.076
 195.00  140.730  399.993  424.027  421.891    0.280    0.603    0.665    0.643
 200.00   51.483  394.137  397.485  397.481    0.309    0.437    0.535    0.444
 205.00   67.425  388.099  393.912  390.092    0.348    0.775    0.850    0.828
 210.00  179.591  361.661  403.796  386.637    0.333    1.298    1.340    1.330
 215.00  270.739  313.304  414.076  372.426    0.263    1.698    1.718    1.704
 220.00  295.932  290.795  414.895  349.081    0.373    1.764    1.803    1.764
 225.00  294.489  278.273  405.166  350.574    0.476    1.700    1.765    1.700
 230.00  328.339  197.086  382.948  355.576    0.340    1.830    1.862    1.832
 235.00  332.642   82.001  342.600  332.895    0.132    1.862    1.867    1.864
 240.00  271.233   99.285  288.834  286.707    0.221    1.579    1.594    1.594
 245.00  187.850  140.892  234.815  234.693    0.252    1.158    1.185    1.183
 250.00  119.330  146.448  188.909  188.826    0.206    0.786    0.813    0.809
 255.00   72.783  134.183  152.651  152.294    0.146    0.517    0.537    0.534
 260.00   43.286  116.898  124.654  124.150    0.099    0.338    0.352    0.349
 265.00   25.093   99.963  103.064  102.548    0.066    0.224    0.233    0.230
 270.00   14.241   85.125   86.308   85.847    0.044    0.152    0.159    0.156
 275.00    8.436   72.699   73.187   72.800    0.030    0.110    0.114    0.112
 280.00    6.299   62.494   62.810   62.496    0.020    0.087    0.089    0.087
 285.00    6.145   54.176   54.523   54.271    0.014    0.075    0.076    0.075
 290.00    6.444   47.402   47.838   47.637    0.010    0.068    0.069    0.068
 295.00    6.636   41.871   42.394   42.233    0.007    0.065    0.065    0.065
 300.00    6.643   37.330   37.917   37.788    0.005    0.062    0.062    0.062
 305.00    6.504   33.578   34.202   34.097    0.004    0.059    0.060    0.060
 310.00    6.270   30.452   31.091   31.006    0.003    0.057    0.057    0.057
 315.00    5.981   27.829   28.464   28.395    0.003    0.055    0.055    0.055
 320.00    5.667   25.607   26.227   26.170    0.002    0.053    0.053    0.053
 325.00    5.346   23.712   24.307   24.260    0.002    0.051    0.051    0.051
 330.00    5.030   22.080   22.646   22.607    0.002    0.049    0.049    0.049
 335.00    4.728   20.665   21.199   21.166    0.002    0.047    0.047    0.047
 340.00    4.442   19.428   19.929   19.901    0.001    0.045    0.045    0.045
 345.00    4.174   18.339   18.808   18.784    0.001    0.043    0.043    0.043
 350.00    3.925   17.373   17.811   17.791    0.001    0.041    0.041    0.041
 355.00    3.694   16.511   16.920   16.903    0.001    0.040    0.040    0.040
 360.00    3.481   15.738   16.118   16.103    0.001    0.038    0.038    0.038
 365.00    3.285   15.039   15.394   15.381    0.001    0.037    0.037    0.037
 370.00    3.104   14.405   14.735   14.724    0.001    0.035    0.035    0.035
 375.00    2.938   13.826   14.134   14.125    0.001    0.034    0.034    0.034
 380.00    2.784   13.295   13.583   13.575    0.001    0.033    0.033    0.033
 385.00    2.643   12.806   13.076   13.069    0.001    0.032    0.032    0.032
 390.00    2.512   12.355   12.607   12.601    0.001    0.031    0.031    0.031
 395.00    2.392   11.935   12.173   12.167    0.001    0.030    0.030    0.030
 400.00    2.280   11.545   11.768   11.763    0.001    0.029    0.029    0.029
 405.00    2.176   11.180   11.390   11.385    0.001    0.028    0.028    0.028
 410.00    2.080   10.839   11.037   11.032    0.001    0.027    0.027    0.027
 415.00    1.991   10.518   10.705   10.701    0.001    0.026    0.026    0.026
 420.00    1.907   10.216   10.392   10.389    0.000    0.025    0.025    0.025
 425.00    1.830    9.930   10.097   10.094    0.000    0.024    0.024    0.024
 430.00    1.757    9.660    9.819    9.816    0.000    0.024    0.024    0.024
 435.00    1.690    9.405    9.555    9.552    0.000    0.023    0.023    0.023
 440.00    1.626    9.162    9.305    9.302    0.000    0.022    0.022    0.022
 445.00    1.566    8.930    9.067    9.064    0.000    0.022    0.022    0.022
 450.00    1.510    8.710    8.840    8.838    0.000    0.021    0.021    0.021
 455.00    1.458    8.500    8.624    8.622    0.000    0.021    0.021    0.021
 460.00    1.408    8.299    8.418    8.416    0.000    0.020    0.020    0.020
 465.00    1.361    8.107    8.220    8.219    0.000    0.020    0.020    0.020
 470.00    1.317    7.923    8.031    8.030    0.000    0.019    0.019    0.019
 475.00    1.275    7.746    7.850    7.849    0.000    0.019    0.019    0.019
 480.00    1.235    7.576    7.676    7.675    0.000    0.018    0.018    0.018
 485.00    1.198    7.413    7.509    7.508    0.000    0.018    0.018    0.018
 490.00    1.162    7.256    7.349    7.348    0.000    0.017    0.017    0.017
 495.00    1.128    7.105    7.194    7.193    0.000    0.017    0.017    0.017
 500.00    1.096    6.960    7.045    7.044    0.000    0.016    0.016    0.016
 505.00    1.065    6.819    6.902    6.901    0.000    0.016    0.016    0.016
 510.00    1.036    6.683    6.763    6.762    0.000    0.016    0.016    0.016
 515.00    1.008    6.553    6.630    6.629    0.000    0.015    0.015    0.015
 520.00    0.981    6.426    6.500    6.500    0.000    0.015    0.015    0.015
 525.00    0.955    6.303    6.375    6.375    0.000    0.015    0.015    0.015
 530.00    0.931    6.185    6.255    6.254    0.000    0.014    0.014    0.014
 535.00    0.908    6.070    6.138    6.137    0.000    0.014    0.014    0.014
 540.00    0.885    5.959    6.024    6.024    0.000    0.014    0.014    0.014
 545.00    0.864    5.851    5.915    5.914    0.000    0.013    0.013    0.013
 550.00    0.843    5.747    5.808    5.807    0.000    0.013    0.013    0.013
 555.00    0.823    5.645    5.705    5.704    0.000    0.013    0.013    0.013
 560.00    0.804    5.546    5.604    5.604    0.000    0.013    0.013    0.013
 565.00    0.786    5.451    5.507    5.507    0.000    0.012    0.012    0.012
 570.00    0.768    5.358    5.413    5.412    0.000    0.012    0.012    0.012
 575.00    0.751    5.267    5.321    5.320    0.000    0.012    0.012    0.012
 580.00    0.735    5.179    5.231    5.231    0.000    0.012    0.012    0.012
 585.00    0.719    5.094    5.144    5.144    0.000    0.011    0.011    0.011
 590.00    0.704    5.011    5.060    5.059    0.000    0.011    0.011    0.011
 595.00    0.689    4.930    4.978    4.977    0.000    0.011    0.011    0.011
 600.00    0.675    4.851    4.897    4.897    0.000    0.011    0.011    0.011
 605.00    0.661    4.774    4.819    4.819    0.000    0.011    0.011    0.011
 610.00    0.648    4.699    4.743    4.743    0.000    0.010    0.010    0.010
 615.00    0.635    4.626    4.669    4.669    0.000    0.010    0.010    0.010
 620.00    0.623    4.554    4.597    4.597    0.000    0.010    0.010    0.010
 625.00    0.611    4.485    4.526    4.526    0.000    0.010    0.010    0.010
 630.00    0.599    4.417    4.458    4.457    0.000    0.010    0.010    0.010
 635.00    0.588    4.351    4.390    4.390    0.000    0.009    0.009    0.009
 640.00    0.577    4.286    4.325    4.325    0.000    0.009    0.009    0.009
 645.00    0.567    4.223    4.261    4.261    0.000    0.009    0.009    0.009
 650.00    0.556    4.162    4.199    4.198    0.000    0.009    0.009    0.009
 655.00    0.546    4.101    4.138    4.137    0.000    0.009    0.009    0.009
 660.00    0.537    4.043    4.078    4.078    0.000    0.009    0.009    0.009
 665.00    0.527    3.985    4.020    4.020    0.000    0.008    0.008    0.008
 670.00    0.518    3.929    3.963    3.963    0.000    0.008    0.008    0.008
 675.00    0.509    3.874    3.907    3.907    0.000    0.008    0.008    0.008
 680.00    0.500    3.820    3.853    3.853    0.000    0.008    0.008    0.008
 685.00    0.492    3.768    3.800    3.799    0.000    0.008    0.008    0.008
 690.00    0.484    3.716    3.747    3.747    0.000    0.008    0.008    0.008
 695.00    0.476    3.666    3.697    3.696    0.000    0.008    0.008    0.008
 700.00    0.468    3.616    3.647    3.646    0.000    0.008    0.008    0.008
 705.00    0.461    3.568    3.598    3.598    0.000    0.007    0.007    0.007
 710.00    0.453    3.521    3.550    3.550    0.000    0.007    0.007    0.007
 715.00    0.446    3.475    3.503    3.503    0.000    0.007    0.007    0.007
 720.00    0.439    3.429    3.457    3.457    0.000    0.007    0.007    0.007
 725.00    0.432    3.385    3.412    3.412    0.000    0.007    0.007    0.007
 730.00    0.426    3.341    3.368    3.368    0.000    0.007    0.007    0.007
 735.00    0.419    3.299    3.325    3.325    0.000    0.007    0.007    0.007
 740.00    0.413    3.257    3.283    3.283    0.000    0.007    0.007    0.007
 745.00    0.407    3.216    3.242    3.241    0.000    0.007    0.007    0.007
 750.00    0.401    3.176    3.201    3.201    0.000    0.007    0.007    0.007
 755.00    0.395    3.136    3.161    3.161    0.000    0.006    0.006    0.006
 760.00    0.389    3.098    3.122    3.122    0.000    0.006    0.006    0.006
 765.00    0.383    3.060    3.084    3.084    0.000    0.006    0.006    0.006
 770.00    0.378    3.023    3.046    3.046    0.000    0.006    0.006    0.006
 775.00    0.373    2.986    3.009    3.009    0.000    0.006    0.006    0.006
 780.00    0.367    2.950    2.973    2.973    0.000    0.006    0.006    0.006
 785.00    0.362    2.915    2.938    2.937    0.000    0.006    0.006    0.006
 790.00    0.357    2.881    2.903    2.903    0.000    0.006    0.006    0.006
 795.00    0.352    2.847    2.868    2.868    0.000    0.006    0.006    0.006
 800.00    0.348    2.813    2.835    2.835    0.000    0.006    0.006    0.006
 805.00    0.343    2.781    2.802    2.802    0.000    0.006    0.006    0.006
 810.00    0.338    2.749    2.769    2.769    0.000    0.006    0.006    0.006
 815.00    0.334    2.717    2.738    2.738    0.000    0.005    0.005    0.005
 820.00    0.329    2.686    2.706    2.706    0.000    0.005    0.005    0.005
 825.00    0.325    2.656    2.676    2.676    0.000    0.005    0.005    0.005
 830.00    0.321    2.626    2.645    2.645    0.000    0.005    0.005    0.005
 835.00    0.317    2.597    2.616    2.616    0.000    0.005    0.005    0.005
 840.00    0.313    2.568    2.587    2.587    0.000    0.005    0.005    0.005
 845.00    0.309    2.539    2.558    2.558    0.000    0.005    0.005    0.005
 850.00    0.305    2.511    2.530    2.530    0.000    0.005    0.005    0.005
 855.00    0.301    2.484    2.502    2.502    0.000    0.005    0.005    0.005
 860.00    0.297    2.457    2.475    2.475    0.000    0.005    0.005    0.005
 865.00    0.294    2.430    2.448    2.448    0.000    0.005    0.005    0.005
 870.00    0.290    2.404    2.422    2.422    0.000    0.005    0.005    0.005
 875.00    0.286    2.379    2.396    2.396    0.000    0.005    0.005    0.005
 880.00    0.283    2.353    2.370    2.370    0.000    0.005    0.005    0.005
 885.00    0.280    2.329    2.345    2.345    0.000    0.005    0.005    0.005
 890.00    0.276    2.304    2.321    2.321    0.000    0.004    0.004    0.004
 895.00    0.273    2.280    2.296    2.296    0.000    0.004    0.004    0.004
 900.00    0.270    2.256    2.273    2.272    0.000    0.004    0.004    0.004
 905.00    0.267    2.233    2.249    2.249    0.000    0.004    0.004    0.004
 910.00    0.264    2.210    2.226    2.226    0.000    0.004    0.004    0.004
 915.00    0.261    2.188    2.203    2.203    0.000    0.004    0.004    0.004
 920.00    0.258    2.165    2.181    2.181    0.000    0.004    0.004    0.004
 925.00    0.255    2.144    2.159    2.159    0.000    0.004    0.004    0.004
 930.00    0.252    2.122    2.137    2.137    0.000    0.004    0.004    0.004
 935.00    0.249    2.101    2.116    2.116    0.000    0.004    0.004    0.004
 940.00    0.246    2.080    2.095    2.094    0.000    0.004    0.004    0.004
 945.00    0.243    2.059    2.074    2.074    0.000    0.004    0.004    0.004
 950.00    0.241    2.039    2.053    2.053    0.000    0.004    0.004    0.004
 955.00    0.238    2.019    2.033    2.033    0.000    0.004    0.004    0.004
 960.00    0.236    2.000    2.013    2.013    0.000    0.004    0.004    0.004
 965.00    0.233    1.980    1.994    1.994    0.000    0.004    0.004    0.004
 970.00    0.230    1.961    1.975    1.975    0.000    0.004    0.004    0.004
 975.00    0.228    1.942    1.956    1.956    0.000    0.004    0.004    0.004
 980.00    0.226    1.924    1.937    1.937    0.000    0.004    0.004    0.004
 985.00    0.223    1.906    1.919    1.919    0.000    0.004    0.004    0.004
 990.00    0.221    1.888    1.900    1.900    0.000    0.004    0.004    0.004
 995.00    0.219    1.870    1.883    1.883    0.000    0.004    0.004    0.004
1000.00    0.216    1.852    1.865    1.865    0.000    0.004    0.004    0.004
1005.00    0.214    1.835    1.848    1.848    0.000    0.003    0.003    0.003
1010.00    0.212    1.818    1.830    1.830    0.000    0.003    0.003    0.003
1015.00    0.210    1.801    1.814    1.814    0.000    0.003    0.003    0.003
1020.00    0.208    1.785    1.797    1.797    0.000    0.003    0.003    0.003
1025.00    0.205    1.769    1.781    1.780    0.000    0.003    0.003    0.003
1030.00    0.203    1.753    1.764    1.764    0.000    0.003    0.003    0.003
1035.00    0.201    1.737    1.748    1.748    0.000    0.003    0.003    0.003
1040.00    0.199    1.721    1.733    1.733    0.000    0.003    0.003    0.003
1045.00    0.197    1.706    1.717    1.717    0.000    0.003    0.003    0.003
1050.00    0.196    1.690    1.702    1.702    0.000    0.003    0.003    0.003
1055.00    0.194    1.675    1.687    1.687    0.000    0.003    0.003    0.003
1060.00    0.192    1.661    1.672    1.672    0.000    0.003    0.003    0.003
1065.00    0.190    1.646    1.657    1.657    0.000    0.003    0.003    0.003
1070.00    0.188    1.632    1.643    1.642    0.000    0.003    0.003    0.003
1075.00    0.186    1.617    1.628    1.628    0.000    0.003    0.003    0.003
1080.00    0.184    1.603    1.614    1.614    0.000    0.003    0.003    0.003
1085.00    0.183    1.590    1.600    1.600    0.000    0.003    0.003    0.003
1090.00    0.181    1.576    1.586    1.586    0.000    0.003    0.003    0.003
1095.00    0.179    1.562    1.573    1.573    0.000    0.003    0.003    0.003
1100.00    0.178    1.549    1.559    1.559    0.000    0.003    0.003    0.003
1105.00    0.176    1.536    1.546    1.546    0.000    0.003    0.003    0.003
1110.00    0.174    1.523    1.533    1.533    0.000    0.003    0.003    0.003
1115.00    0.173    1.510    1.520    1.520    0.000    0.003    0.003    0.003
1120.00    0.171    1.498    1.507    1.507    0.000    0.003    0.003    0.003
1125.00    0.170    1.485    1.495    1.495    0.000    0.003    0.003    0.003
1130.00    0.168    1.473    1.482    1.482    0.000    0.003    0.003    0.003
1135.00    0.167    1.461    1.470    1.470    0.000    0.003    0.003    0.003
1140.00    0.165    1.449    1.458    1.458    0.000    0.003    0.003    0.003
1145.00    0.164    1.437    1.446    1.446    0.000    0.003    0.003    0.003
1150.00    0.162    1.425    1.434    1.434    0.000    0.003    0.003    0.003
1155.00    0.161    1.414    1.423    1.423    0.000    0.003    0.003    0.003
1160.00    0.159    1.402    1.411    1.411    0.000    0.003    0.003    0.003
1165.00    0.158    1.391    1.400    1.400    0.000    0.003    0.003    0.003
1170.00    0.157    1.380    1.389    1.388    0.000    0.003    0.003    0.003
1175.00    0.155    1.369    1.377    1.377    0.000    0.003    0.003    0.003
1180.00    0.154    1.358    1.366    1.366    0.000    0.002    0.002    0.002
1185.00    0.153    1.347    1.356    1.356    0.000    0.002    0.002    0.002
1190.00    0.151    1.336    1.345    1.345    0.000    0.002    0.002    0.002
1195.00    0.150    1.326    1.334    1.334    0.000    0.002    0.002    0.002
1200.00    0.149    1.315    1.324    1.324    0.000    0.002    0.002    0.002
1205.00    0.148    1.305    1.314    1.314    0.000    0.002    0.002    0.002
1210.00    0.146    1.295    1.303    1.303    0.000    0.002    0.002    0.002
1215.00    0.145    1.285    1.293    1.293    0.000    0.002    0.002    0.002
1220.00    0.144    1.275    1.283    1.283    0.000    0.002    0.002    0.002
1225.00    0.143    1.265    1.273    1.273    0.000    0.002    0.002    0.002
1230.00    0.142    1.256    1.264    1.264    0.000    0.002    0.002    0.002
1235.00    0.140    1.246    1.254    1.254    0.000    0.002    0.002    0.002
1240.00    0.139    1.237    1.245    1.245    0.000    0.002    0.002    0.002
1245.00    0.138    1.227    1.235    1.235    0.000    0.002    0.002    0.002
1250.00    0.137    1.218    1.226    1.226    0.000    0.002    0.002    0.002
1255.00    0.136    1.209    1.217    1.217    0.000    0.002    0.002    0.002
1260.00    0.135    1.200    1.208    1.208    0.000    0.002    0.002    0.002
1265.00    0.134    1.191    1.199    1.199    0.000    0.002    0.002    0.002
1270.00    0.133    1.182    1.190    1.190    0.000    0.002    0.002    0.002
1275.00    0.132    1.174    1.181    1.181    0.000    0.002    0.002    0.002
